exp_id,fish_id,t,x,y,timestep,x_translated,y_translated,u,v,u_translated,v_translated
1193,1,0.96,0.0047,-0.0926,0,1.0047,0.9074,0.7071067811865476,0.7071067811865476,0.7071067811865476,0.7071067811865476
1193,1,1.92,-0.0365,-0.0982,1,0.9635,0.9018,0.7071067811865476,0.7071067811865476,0.7071067811865476,0.7071067811865476
1193,1,2.44,-0.0526,-0.1008,2,0.9474,0.8992,0.7071067811865476,0.7071067811865476,0.7071067811865476,0.7071067811865476
1193,1,3.56,-0.1695,0.0058,3,0.8305,1.0058,-0.7071067811865475,-0.7071067811865476,-0.7071067811865475,-0.7071067811865476
1193,1,5.24,-0.1301,0.1206,4,0.8699,1.1206,-0.7071067811865475,-0.7071067811865476,-0.7071067811865475,-0.7071067811865476
1193,1,6.04,-0.0195,0.1572,5,0.9805,1.1572,-0.7071067811865475,-0.7071067811865476,-0.7071067811865475,-0.7071067811865476
1193,1,6.76,0.1199,0.0805,6,1.1199,1.0805,0.7071067811865476,0.7071067811865476,0.7071067811865476,0.7071067811865476
1193,1,7.6,0.1047,-0.0471,7,1.1047,0.9529,0.7071067811865476,0.7071067811865476,0.7071067811865476,0.7071067811865476
1193,1,8.36,0.0301,-0.0713,8,1.0301,0.9287,0.7071067811865476,0.7071067811865476,0.7071067811865476,0.7071067811865476
1193,1,9.64,-0.0022,-0.1047,9,0.9978,0.8953,0.7071067811865476,0.7071067811865476,0.7071067811865476,0.7071067811865476
1193,1,11.4,-0.0606,-0.1511,10,0.9394,0.8489,0.7071067811865476,0.7071067811865476,0.7071067811865476,0.7071067811865476
1193,1,11.88,-0.0637,-0.1531,11,0.9363,0.8469,0.7071067811865476,0.7071067811865476,0.7071067811865476,0.7071067811865476
1193,1,12.36,-0.0645,-0.1529,12,0.9355,0.8471,0.7071067811865476,0.7071067811865476,0.7071067811865476,0.7071067811865476
1193,1,13.48,-0.0773,-0.1529,13,0.9227,0.8471,0.7071067811865476,0.7071067811865476,0.7071067811865476,0.7071067811865476
1193,1,14.68,-0.1397,-0.1141,14,0.8603000000000001,0.8859,0.7071067811865476,0.7071067811865476,0.7071067811865476,0.7071067811865476
1193,1,15.8,-0.196,-0.0125,15,0.804,0.9875,-0.7071067811865475,-0.7071067811865476,-0.7071067811865475,-0.7071067811865476
1193,1,16.24,-0.1625,0.0569,16,0.8375,1.0569,-0.7071067811865475,-0.7071067811865476,-0.7071067811865475,-0.7071067811865476
1193,1,17.84,-0.0412,0.1564,17,0.9588,1.1564,-0.7071067811865475,-0.7071067811865476,-0.7071067811865475,-0.7071067811865476
1193,1,18.44,-0.0274,0.1578,18,0.9726,1.1578,-0.7071067811865475,-0.7071067811865476,-0.7071067811865475,-0.7071067811865476
1193,1,19.08,-0.0222,0.1588,19,0.9778,1.1588,-0.7071067811865475,-0.7071067811865476,-0.7071067811865475,-0.7071067811865476
1193,1,19.44,-0.0207,0.1591,20,0.9793,1.1591,-0.7071067811865475,-0.7071067811865476,-0.7071067811865475,-0.7071067811865476
1193,1,20.4,-0.0034,0.1711,21,0.9966,1.1711,-0.7071067811865475,-0.7071067811865476,-0.7071067811865475,-0.7071067811865476
1193,1,21.52,0.0566,0.2075,22,1.0566,1.2075,-0.7071067811865475,-0.7071067811865476,-0.7071067811865475,-0.7071067811865476
1193,1,22.52,0.1198,0.1296,23,1.1198,1.1296,-0.7071067811865475,-0.7071067811865476,-0.7071067811865475,-0.7071067811865476
1193,1,23.12,0.1517,0.0615,24,1.1517,1.0615,0.7071067811865476,0.7071067811865476,0.7071067811865476,0.7071067811865476
1193,1,23.88,0.1282,-0.02,25,1.1282,0.98,0.7071067811865476,0.7071067811865476,0.7071067811865476,0.7071067811865476
1193,1,24.48,0.047,-0.1127,26,1.047,0.8873,0.7071067811865476,0.7071067811865476,0.7071067811865476,0.7071067811865476
1193,1,25.2,-0.0838,-0.1443,27,0.9162,0.8557,0.7071067811865476,0.7071067811865476,0.7071067811865476,0.7071067811865476
1193,1,26.04,-0.1446,-0.1012,28,0.8553999999999999,0.8988,0.7071067811865476,0.7071067811865476,0.7071067811865476,0.7071067811865476
1193,1,26.64,-0.1613,-0.0843,29,0.8387,0.9157,0.7071067811865476,0.7071067811865476,0.7071067811865476,0.7071067811865476
1193,1,27.48,-0.1697,0.0281,30,0.8303,1.0281,-0.7071067811865475,-0.7071067811865476,-0.7071067811865475,-0.7071067811865476
1193,1,28.08,-0.1445,0.0761,31,0.8555,1.0761,-0.7071067811865475,-0.7071067811865476,-0.7071067811865475,-0.7071067811865476
1193,1,29.24,-0.0276,0.1136,32,0.9724,1.1136,-0.7071067811865475,-0.7071067811865476,-0.7071067811865475,-0.7071067811865476
1193,1,30.0,0.0332,0.1057,33,1.0332,1.1057,-0.7071067811865475,-0.7071067811865476,-0.7071067811865475,-0.7071067811865476
1193,1,30.72,0.0824,0.1018,34,1.0824,1.1018,-0.7071067811865475,-0.7071067811865476,-0.7071067811865475,-0.7071067811865476
1193,1,31.4,0.0912,0.1018,35,1.0912,1.1018,-0.7071067811865475,-0.7071067811865476,-0.7071067811865475,-0.7071067811865476
1193,1,32.36,0.1723,0.1114,36,1.1723,1.1114,0.7071067811865476,0.7071067811865476,0.7071067811865476,0.7071067811865476
1193,1,32.8,0.1637,0.0488,37,1.1637,1.0488,0.7071067811865476,0.7071067811865476,0.7071067811865476,0.7071067811865476
1193,1,33.24,0.1548,-0.0056,38,1.1548,0.9944,0.7071067811865476,0.7071067811865476,0.7071067811865476,0.7071067811865476
1193,1,33.92,0.1311,-0.1038,39,1.1311,0.8962,0.7071067811865476,0.7071067811865476,0.7071067811865476,0.7071067811865476
1193,1,34.36,0.0434,-0.1426,40,1.0434,0.8573999999999999,0.7071067811865476,0.7071067811865476,0.7071067811865476,0.7071067811865476
1193,1,34.96,-0.0447,-0.1529,41,0.9553,0.8471,-0.7071067811865475,-0.7071067811865476,-0.7071067811865475,-0.7071067811865476
1193,1,35.64,0.0807,-0.0566,42,1.0807,0.9434,-0.7071067811865475,-0.7071067811865476,-0.7071067811865475,-0.7071067811865476
1193,1,36.92,0.203,-0.0706,43,1.203,0.9294,-0.7071067811865475,-0.7071067811865476,-0.7071067811865475,-0.7071067811865476
1193,1,37.6,0.2084,-0.038,44,1.2084,0.962,-0.7071067811865475,-0.7071067811865476,-0.7071067811865475,-0.7071067811865476
1193,1,38.32,0.2106,-0.0291,45,1.2106,0.9709,-0.7071067811865475,-0.7071067811865476,-0.7071067811865475,-0.7071067811865476
1193,1,39.0,0.2115,-0.0228,46,1.2115,0.9772,0.7071067811865476,0.7071067811865476,0.7071067811865476,0.7071067811865476
1193,1,39.76,0.2109,-0.0295,47,1.2109,0.9705,0.7071067811865476,0.7071067811865476,0.7071067811865476,0.7071067811865476
1193,1,41.68,-0.0065,0.0487,48,0.9935,1.0487,0.7071067811865476,0.7071067811865476,0.7071067811865476,0.7071067811865476
1193,1,42.96,-0.1564,-0.1189,49,0.8436,0.8811,-0.7071067811865475,-0.7071067811865476,-0.7071067811865475,-0.7071067811865476
1193,1,44.04,-0.0263,-0.1245,50,0.9737,0.8755,-0.7071067811865475,-0.7071067811865476,-0.7071067811865475,-0.7071067811865476
1193,1,45.12,0.0804,-0.0602,51,1.0804,0.9398,-0.7071067811865475,-0.7071067811865476,-0.7071067811865475,-0.7071067811865476
1193,1,45.8,0.1373,-0.0262,52,1.1373,0.9738,-0.7071067811865475,-0.7071067811865476,-0.7071067811865475,-0.7071067811865476
1193,1,46.76,0.1471,-0.0206,53,1.1471,0.9794,-0.7071067811865475,-0.7071067811865476,-0.7071067811865475,-0.7071067811865476
1193,1,47.32,0.1472,-0.02,54,1.1472,0.98,-0.7071067811865475,-0.7071067811865476,-0.7071067811865475,-0.7071067811865476
1193,1,47.72,0.1474,-0.0196,55,1.1474,0.9804,0.0,0.0,0.0,0.0
1193,2,0.96,-0.0147,-0.1911,0,0.9853,0.8089,0.7071067811865476,0.7071067811865476,0.7071067811865476,0.7071067811865476
1193,2,1.92,-0.0726,-0.1967,1,0.9274,0.8033,0.7071067811865476,0.7071067811865476,0.7071067811865476,0.7071067811865476
1193,2,2.44,-0.1298,-0.1502,2,0.8702,0.8498,0.7071067811865476,0.7071067811865476,0.7071067811865476,0.7071067811865476
1193,2,3.56,-0.2191,-0.0087,3,0.7809,0.9913,-0.7071067811865475,-0.7071067811865476,-0.7071067811865475,-0.7071067811865476
1193,2,5.24,0.0108,0.1498,4,1.0108,1.1498,-0.7071067811865475,-0.7071067811865476,-0.7071067811865475,-0.7071067811865476
1193,2,6.04,0.1238,0.1132,5,1.1238,1.1132,-0.7071067811865475,-0.7071067811865476,-0.7071067811865475,-0.7071067811865476
1193,2,6.76,0.1816,-0.0523,6,1.1816,0.9477,0.7071067811865476,0.7071067811865476,0.7071067811865476,0.7071067811865476
1193,2,7.6,0.0826,-0.1643,7,1.0826,0.8357,0.7071067811865476,0.7071067811865476,0.7071067811865476,0.7071067811865476
1193,2,8.36,0.0273,-0.1826,8,1.0273,0.8174,-0.7071067811865475,-0.7071067811865476,-0.7071067811865475,-0.7071067811865476
1193,2,9.64,0.0318,-0.1811,9,1.0318,0.8189,0.7071067811865476,0.7071067811865476,0.7071067811865476,0.7071067811865476
1193,2,11.4,-0.0197,-0.2092,10,0.9803,0.7908,0.7071067811865476,0.7071067811865476,0.7071067811865476,0.7071067811865476
1193,2,11.88,-0.0239,-0.2114,11,0.9761,0.7886,0.7071067811865476,0.7071067811865476,0.7071067811865476,0.7071067811865476
1193,2,12.36,-0.027,-0.2105,12,0.973,0.7895,0.7071067811865476,0.7071067811865476,0.7071067811865476,0.7071067811865476
1193,2,13.48,-0.045,-0.1995,13,0.955,0.8005,0.7071067811865476,0.7071067811865476,0.7071067811865476,0.7071067811865476
1193,2,14.68,-0.1319,-0.1658,14,0.8681,0.8342,0.7071067811865476,0.7071067811865476,0.7071067811865476,0.7071067811865476
1193,2,15.8,-0.2256,0.0338,15,0.7744,1.0338,-0.7071067811865475,-0.7071067811865476,-0.7071067811865475,-0.7071067811865476
1193,2,16.24,-0.1945,0.1259,16,0.8055,1.1259000000000001,-0.7071067811865475,-0.7071067811865476,-0.7071067811865475,-0.7071067811865476
1193,2,17.84,0.0056,0.24,17,1.0056,1.24,-0.7071067811865475,-0.7071067811865476,-0.7071067811865475,-0.7071067811865476
1193,2,18.44,0.0136,0.2411,18,1.0136,1.2411,0.7071067811865476,0.7071067811865476,0.7071067811865476,0.7071067811865476
1193,2,19.08,0.0092,0.2411,19,1.0092,1.2411,0.7071067811865476,0.7071067811865476,0.7071067811865476,0.7071067811865476
1193,2,19.44,0.0056,0.2413,20,1.0056,1.2413,-0.7071067811865475,-0.7071067811865476,-0.7071067811865475,-0.7071067811865476
1193,2,20.4,0.0085,0.2341,21,1.0085,1.2341,0.7071067811865476,0.7071067811865476,0.7071067811865476,0.7071067811865476
1193,2,21.52,0.0064,0.2335,22,1.0064,1.2335,-0.7071067811865475,-0.7071067811865476,-0.7071067811865475,-0.7071067811865476
1193,2,22.52,0.0139,0.2277,23,1.0139,1.2277,-0.7071067811865475,-0.7071067811865476,-0.7071067811865475,-0.7071067811865476
1193,2,23.12,0.053,0.2089,24,1.053,1.2089,-0.7071067811865475,-0.7071067811865476,-0.7071067811865475,-0.7071067811865476
1193,2,23.88,0.1746,0.0687,25,1.1746,1.0687,0.7071067811865476,0.7071067811865476,0.7071067811865476,0.7071067811865476
1193,2,24.48,0.1622,-0.0914,26,1.1622,0.9086,0.7071067811865476,0.7071067811865476,0.7071067811865476,0.7071067811865476
1193,2,25.2,0.023,-0.1825,27,1.023,0.8175,0.7071067811865476,0.7071067811865476,0.7071067811865476,0.7071067811865476
1193,2,26.04,-0.1266,-0.1515,28,0.8734,0.8485,0.7071067811865476,0.7071067811865476,0.7071067811865476,0.7071067811865476
1193,2,26.64,-0.2068,-0.0613,29,0.7932,0.9387,0.7071067811865476,0.7071067811865476,0.7071067811865476,0.7071067811865476
1193,2,27.48,-0.2221,0.0633,30,0.7779,1.0633,-0.7071067811865475,-0.7071067811865476,-0.7071067811865475,-0.7071067811865476
1193,2,28.08,-0.2029,0.0991,31,0.7971,1.0991,-0.7071067811865475,-0.7071067811865476,-0.7071067811865475,-0.7071067811865476
1193,2,29.24,-0.0247,0.1667,32,0.9753000000000001,1.1667,-0.7071067811865475,-0.7071067811865476,-0.7071067811865475,-0.7071067811865476
1193,2,30.0,0.099,0.1955,33,1.099,1.1955,-0.7071067811865475,-0.7071067811865476,-0.7071067811865475,-0.7071067811865476
1193,2,30.72,0.1686,0.1325,34,1.1686,1.1325,-0.7071067811865475,-0.7071067811865476,-0.7071067811865475,-0.7071067811865476
1193,2,31.4,0.1853,0.1028,35,1.1853,1.1028,0.7071067811865476,0.7071067811865476,0.7071067811865476,0.7071067811865476
1193,2,32.36,0.1849,0.0949,36,1.1849,1.0949,0.7071067811865476,0.7071067811865476,0.7071067811865476,0.7071067811865476
1193,2,32.8,0.1814,0.017,37,1.1814,1.017,-0.7071067811865475,-0.7071067811865476,-0.7071067811865475,-0.7071067811865476
1193,2,33.24,0.1846,-0.0477,38,1.1846,0.9523,0.7071067811865476,0.7071067811865476,0.7071067811865476,0.7071067811865476
1193,2,33.92,0.0789,-0.1589,39,1.0789,0.8411,0.7071067811865476,0.7071067811865476,0.7071067811865476,0.7071067811865476
1193,2,34.36,-0.0103,-0.1788,40,0.9897,0.8212,0.7071067811865476,0.7071067811865476,0.7071067811865476,0.7071067811865476
1193,2,34.96,-0.1385,-0.1283,41,0.8614999999999999,0.8717,-0.7071067811865475,-0.7071067811865476,-0.7071067811865475,-0.7071067811865476
1193,2,35.64,-0.0119,0.0229,42,0.9881,1.0229,-0.7071067811865475,-0.7071067811865476,-0.7071067811865475,-0.7071067811865476
1193,2,36.92,0.1712,-0.0818,43,1.1712,0.9182,-0.7071067811865475,-0.7071067811865476,-0.7071067811865475,-0.7071067811865476
1193,2,37.6,0.1822,-0.0713,44,1.1822,0.9287,-0.7071067811865475,-0.7071067811865476,-0.7071067811865475,-0.7071067811865476
1193,2,38.32,0.1857,-0.0754,45,1.1857,0.9246,-0.7071067811865475,-0.7071067811865476,-0.7071067811865475,-0.7071067811865476
1193,2,39.0,0.1874,-0.0773,46,1.1874,0.9227,-0.7071067811865475,-0.7071067811865476,-0.7071067811865475,-0.7071067811865476
1193,2,39.76,0.1887,-0.0566,47,1.1887,0.9434,0.7071067811865476,0.7071067811865476,0.7071067811865476,0.7071067811865476
1193,2,41.68,-0.1042,-0.0071,48,0.8958,0.9929,0.7071067811865476,0.7071067811865476,0.7071067811865476,0.7071067811865476
1193,2,42.96,-0.1875,-0.1057,49,0.8125,0.8943,-0.7071067811865475,-0.7071067811865476,-0.7071067811865475,-0.7071067811865476
1193,2,44.04,-0.0988,-0.0856,50,0.9012,0.9144,-0.7071067811865475,-0.7071067811865476,-0.7071067811865475,-0.7071067811865476
1193,2,45.12,0.0817,0.0657,51,1.0817,1.0657,-0.7071067811865475,-0.7071067811865476,-0.7071067811865475,-0.7071067811865476
1193,2,45.8,0.1892,0.0661,52,1.1892,1.0661,-0.7071067811865475,-0.7071067811865476,-0.7071067811865475,-0.7071067811865476
1193,2,46.76,0.2093,-0.0506,53,1.2093,0.9494,0.7071067811865476,0.7071067811865476,0.7071067811865476,0.7071067811865476
1193,2,47.32,0.205,-0.0649,54,1.205,0.9351,0.7071067811865476,0.7071067811865476,0.7071067811865476,0.7071067811865476
1193,2,47.72,0.2023,-0.0668,55,1.2023,0.9332,0.0,0.0,0.0,0.0
1193,3,0.96,0.0565,-0.1864,0,1.0565,0.8136,0.7071067811865476,0.7071067811865476,0.7071067811865476,0.7071067811865476
1193,3,1.92,0.041,-0.1831,1,1.041,0.8169,0.7071067811865476,0.7071067811865476,0.7071067811865476,0.7071067811865476
1193,3,2.44,-0.0225,-0.1431,2,0.9775,0.8569,0.7071067811865476,0.7071067811865476,0.7071067811865476,0.7071067811865476
1193,3,3.56,-0.1363,-0.1002,3,0.8637,0.8998,0.7071067811865476,0.7071067811865476,0.7071067811865476,0.7071067811865476
1193,3,5.24,-0.1665,0.0635,4,0.8335,1.0635,-0.7071067811865475,-0.7071067811865476,-0.7071067811865475,-0.7071067811865476
1193,3,6.04,-0.0047,0.1084,5,0.9953,1.1084,-0.7071067811865475,-0.7071067811865476,-0.7071067811865475,-0.7071067811865476
1193,3,6.76,0.1286,0.0003,6,1.1286,1.0003,0.7071067811865476,0.7071067811865476,0.7071067811865476,0.7071067811865476
1193,3,7.6,-0.0143,-0.0905,7,0.9857,0.9095,0.7071067811865476,0.7071067811865476,0.7071067811865476,0.7071067811865476
1193,3,8.36,-0.066,-0.1552,8,0.9339999999999999,0.8448,-0.7071067811865475,-0.7071067811865476,-0.7071067811865475,-0.7071067811865476
1193,3,9.64,-0.0366,-0.1943,9,0.9634,0.8057,0.7071067811865476,0.7071067811865476,0.7071067811865476,0.7071067811865476
1193,3,11.4,-0.0398,-0.1906,10,0.9601999999999999,0.8094,0.7071067811865476,0.7071067811865476,0.7071067811865476,0.7071067811865476
1193,3,11.88,-0.0399,-0.1912,11,0.9601,0.8088,-0.7071067811865475,-0.7071067811865476,-0.7071067811865475,-0.7071067811865476
1193,3,12.36,-0.0383,-0.1924,12,0.9617,0.8076,-0.7071067811865475,-0.7071067811865476,-0.7071067811865475,-0.7071067811865476
1193,3,13.48,-0.0339,-0.1963,13,0.9661,0.8037,0.7071067811865476,0.7071067811865476,0.7071067811865476,0.7071067811865476
1193,3,14.68,-0.0486,-0.1612,14,0.9514,0.8388,0.7071067811865476,0.7071067811865476,0.7071067811865476,0.7071067811865476
1193,3,15.8,-0.1617,-0.0675,15,0.8383,0.9325,-0.7071067811865475,-0.7071067811865476,-0.7071067811865475,-0.7071067811865476
1193,3,16.24,-0.1369,0.0445,16,0.8631,1.0445,-0.7071067811865475,-0.7071067811865476,-0.7071067811865475,-0.7071067811865476
1193,3,17.84,0.0075,0.1431,17,1.0075,1.1431,-0.7071067811865475,-0.7071067811865476,-0.7071067811865475,-0.7071067811865476
1193,3,18.44,0.026,0.1429,18,1.026,1.1429,-0.7071067811865475,-0.7071067811865476,-0.7071067811865475,-0.7071067811865476
1193,3,19.08,0.0323,0.1448,19,1.0323,1.1448,-0.7071067811865475,-0.7071067811865476,-0.7071067811865475,-0.7071067811865476
1193,3,19.44,0.033,0.1459,20,1.033,1.1459,-0.7071067811865475,-0.7071067811865476,-0.7071067811865475,-0.7071067811865476
1193,3,20.4,0.0622,0.1543,21,1.0622,1.1543,-0.7071067811865475,-0.7071067811865476,-0.7071067811865475,-0.7071067811865476
1193,3,21.52,0.0685,0.1577,22,1.0685,1.1577,1.0,0.0,1.0,0.0
1193,3,22.52,0.0685,0.1575,23,1.0685,1.1575,-0.7071067811865475,-0.7071067811865476,-0.7071067811865475,-0.7071067811865476
1193,3,23.12,0.1321,0.1429,24,1.1320999999999999,1.1429,0.7071067811865476,0.7071067811865476,0.7071067811865476,0.7071067811865476
1193,3,23.88,0.0947,-0.0527,25,1.0947,0.9473,0.7071067811865476,0.7071067811865476,0.7071067811865476,0.7071067811865476
1193,3,24.48,-0.0133,-0.1332,26,0.9867,0.8668,0.7071067811865476,0.7071067811865476,0.7071067811865476,0.7071067811865476
1193,3,25.2,-0.1495,-0.1688,27,0.8505,0.8311999999999999,0.7071067811865476,0.7071067811865476,0.7071067811865476,0.7071067811865476
1193,3,26.04,-0.2216,-0.031,28,0.7784,0.969,-0.7071067811865475,-0.7071067811865476,-0.7071067811865475,-0.7071067811865476
1193,3,26.64,-0.2178,0.021,29,0.7822,1.021,-0.7071067811865475,-0.7071067811865476,-0.7071067811865475,-0.7071067811865476
1193,3,27.48,-0.1941,0.1376,30,0.8059000000000001,1.1376,-0.7071067811865475,-0.7071067811865476,-0.7071067811865475,-0.7071067811865476
1193,3,28.08,-0.0873,0.2057,31,0.9127,1.2057,-0.7071067811865475,-0.7071067811865476,-0.7071067811865475,-0.7071067811865476
1193,3,29.24,-0.0626,0.1935,32,0.9374,1.1935,-0.7071067811865475,-0.7071067811865476,-0.7071067811865475,-0.7071067811865476
1193,3,30.0,0.0074,0.1924,33,1.0074,1.1924,-0.7071067811865475,-0.7071067811865476,-0.7071067811865475,-0.7071067811865476
1193,3,30.72,0.0249,0.1944,34,1.0249,1.1944,-0.7071067811865475,-0.7071067811865476,-0.7071067811865475,-0.7071067811865476
1193,3,31.4,0.0267,0.1948,35,1.0267,1.1948,-0.7071067811865475,-0.7071067811865476,-0.7071067811865475,-0.7071067811865476
1193,3,32.36,0.0937,0.0961,36,1.0937000000000001,1.0961,0.7071067811865476,0.7071067811865476,0.7071067811865476,0.7071067811865476
1193,3,32.8,0.0744,0.0326,37,1.0744,1.0326,0.7071067811865476,0.7071067811865476,0.7071067811865476,0.7071067811865476
1193,3,33.24,0.0488,-0.0454,38,1.0488,0.9546,0.7071067811865476,0.7071067811865476,0.7071067811865476,0.7071067811865476
1193,3,33.92,0.0119,-0.1445,39,1.0119,0.8555,0.7071067811865476,0.7071067811865476,0.7071067811865476,0.7071067811865476
1193,3,34.36,-0.0465,-0.152,40,0.9535,0.848,0.7071067811865476,0.7071067811865476,0.7071067811865476,0.7071067811865476
1193,3,34.96,-0.0721,-0.1534,41,0.9279,0.8466,-0.7071067811865475,-0.7071067811865476,-0.7071067811865475,-0.7071067811865476
1193,3,35.64,0.049,-0.1337,42,1.049,0.8663,-0.7071067811865475,-0.7071067811865476,-0.7071067811865475,-0.7071067811865476
1193,3,36.92,0.1478,-0.0672,43,1.1478,0.9328,-0.7071067811865475,-0.7071067811865476,-0.7071067811865475,-0.7071067811865476
1193,3,37.6,0.1639,-0.0299,44,1.1639,0.9701,-0.7071067811865475,-0.7071067811865476,-0.7071067811865475,-0.7071067811865476
1193,3,38.32,0.1666,-0.0275,45,1.1666,0.9725,-0.7071067811865475,-0.7071067811865476,-0.7071067811865475,-0.7071067811865476
1193,3,39.0,0.1671,-0.022,46,1.1671,0.978,0.7071067811865476,0.7071067811865476,0.7071067811865476,0.7071067811865476
1193,3,39.76,0.0986,0.0014,47,1.0986,1.0014,0.7071067811865476,0.7071067811865476,0.7071067811865476,0.7071067811865476
1193,3,41.68,-0.0719,-0.0445,48,0.9281,0.9555,0.7071067811865476,0.7071067811865476,0.7071067811865476,0.7071067811865476
1193,3,42.96,-0.1253,-0.1246,49,0.8747,0.8754,-0.7071067811865475,-0.7071067811865476,-0.7071067811865475,-0.7071067811865476
1193,3,44.04,0.0332,-0.0875,50,1.0332,0.9125,-0.7071067811865475,-0.7071067811865476,-0.7071067811865475,-0.7071067811865476
1193,3,45.12,0.1414,-0.0368,51,1.1414,0.9632000000000001,-0.7071067811865475,-0.7071067811865476,-0.7071067811865475,-0.7071067811865476
1193,3,45.8,0.1709,-0.0348,52,1.1709,0.9652000000000001,-0.7071067811865475,-0.7071067811865476,-0.7071067811865475,-0.7071067811865476
1193,3,46.76,0.1774,-0.0365,53,1.1774,0.9635,0.7071067811865476,0.7071067811865476,0.7071067811865476,0.7071067811865476
1193,3,47.32,0.1738,-0.0338,54,1.1738,0.9662,0.7071067811865476,0.7071067811865476,0.7071067811865476,0.7071067811865476
1193,3,47.72,0.1725,-0.0325,55,1.1724999999999999,0.9675,0.0,0.0,0.0,0.0
1193,4,0.96,0.0783,-0.0899,0,1.0783,0.9101,0.7071067811865476,0.7071067811865476,0.7071067811865476,0.7071067811865476
1193,4,1.92,0.078,-0.0911,1,1.078,0.9089,0.7071067811865476,0.7071067811865476,0.7071067811865476,0.7071067811865476
1193,4,2.44,0.0235,-0.0797,2,1.0235,0.9203,0.7071067811865476,0.7071067811865476,0.7071067811865476,0.7071067811865476
1193,4,3.56,-0.1275,-0.0249,3,0.8725,0.9751,-0.7071067811865475,-0.7071067811865476,-0.7071067811865475,-0.7071067811865476
1193,4,5.24,-0.094,0.0912,4,0.906,1.0912,-0.7071067811865475,-0.7071067811865476,-0.7071067811865475,-0.7071067811865476
1193,4,6.04,0.0299,0.0951,5,1.0299,1.0951,-0.7071067811865475,-0.7071067811865476,-0.7071067811865475,-0.7071067811865476
1193,4,6.76,0.1575,0.0255,6,1.1575,1.0255,0.7071067811865476,0.7071067811865476,0.7071067811865476,0.7071067811865476
1193,4,7.6,0.1055,-0.1056,7,1.1055,0.8944,0.7071067811865476,0.7071067811865476,0.7071067811865476,0.7071067811865476
1193,4,8.36,0.0841,-0.124,8,1.0841,0.876,0.7071067811865476,0.7071067811865476,0.7071067811865476,0.7071067811865476
1193,4,9.64,0.0785,-0.1319,9,1.0785,0.8681,0.7071067811865476,0.7071067811865476,0.7071067811865476,0.7071067811865476
1193,4,11.4,0.0759,-0.1342,10,1.0759,0.8658,0.7071067811865476,0.7071067811865476,0.7071067811865476,0.7071067811865476
1193,4,11.88,0.0748,-0.1349,11,1.0748,0.8651,0.7071067811865476,0.7071067811865476,0.7071067811865476,0.7071067811865476
1193,4,12.36,0.0728,-0.136,12,1.0728,0.864,0.7071067811865476,0.7071067811865476,0.7071067811865476,0.7071067811865476
1193,4,13.48,0.0465,-0.1612,13,1.0465,0.8388,0.7071067811865476,0.7071067811865476,0.7071067811865476,0.7071067811865476
1193,4,14.68,-0.0891,-0.1241,14,0.9109,0.8759,0.7071067811865476,0.7071067811865476,0.7071067811865476,0.7071067811865476
1193,4,15.8,-0.1875,0.0595,15,0.8125,1.0594999999999999,-0.7071067811865475,-0.7071067811865476,-0.7071067811865475,-0.7071067811865476
1193,4,16.24,-0.1608,0.1128,16,0.8392,1.1128,-0.7071067811865475,-0.7071067811865476,-0.7071067811865475,-0.7071067811865476
1193,4,17.84,-0.0876,0.1994,17,0.9124,1.1994,-0.7071067811865475,-0.7071067811865476,-0.7071067811865475,-0.7071067811865476
1193,4,18.44,-0.0805,0.2009,18,0.9195,1.2009,-0.7071067811865475,-0.7071067811865476,-0.7071067811865475,-0.7071067811865476
1193,4,19.08,-0.0767,0.2018,19,0.9233,1.2018,-0.7071067811865475,-0.7071067811865476,-0.7071067811865475,-0.7071067811865476
1193,4,19.44,-0.0737,0.2024,20,0.9263,1.2024,-0.7071067811865475,-0.7071067811865476,-0.7071067811865475,-0.7071067811865476
1193,4,20.4,-0.0647,0.203,21,0.9353,1.203,-0.7071067811865475,-0.7071067811865476,-0.7071067811865475,-0.7071067811865476
1193,4,21.52,-0.0464,0.2043,22,0.9536,1.2043,-0.7071067811865475,-0.7071067811865476,-0.7071067811865475,-0.7071067811865476
1193,4,22.52,0.0489,0.1628,23,1.0489,1.1628,-0.7071067811865475,-0.7071067811865476,-0.7071067811865475,-0.7071067811865476
1193,4,23.12,0.0817,0.1381,24,1.0817,1.1381000000000001,-0.7071067811865475,-0.7071067811865476,-0.7071067811865475,-0.7071067811865476
1193,4,23.88,0.145,0.0108,25,1.145,1.0108,0.7071067811865476,0.7071067811865476,0.7071067811865476,0.7071067811865476
1193,4,24.48,0.0983,-0.0939,26,1.0983,0.9061,0.7071067811865476,0.7071067811865476,0.7071067811865476,0.7071067811865476
1193,4,25.2,-0.0404,-0.1361,27,0.9596,0.8639,0.7071067811865476,0.7071067811865476,0.7071067811865476,0.7071067811865476
1193,4,26.04,-0.1504,-0.033,28,0.8496,0.967,0.7071067811865476,0.7071067811865476,0.7071067811865476,0.7071067811865476
1193,4,26.64,-0.1701,0.0041,29,0.8299,1.0041,0.7071067811865476,0.7071067811865476,0.7071067811865476,0.7071067811865476
1193,4,27.48,-0.1761,0.1126,30,0.8239,1.1126,-0.7071067811865475,-0.7071067811865476,-0.7071067811865475,-0.7071067811865476
1193,4,28.08,-0.0198,0.1427,31,0.9802,1.1427,-0.7071067811865475,-0.7071067811865476,-0.7071067811865475,-0.7071067811865476
1193,4,29.24,0.039,0.125,32,1.039,1.125,-0.7071067811865475,-0.7071067811865476,-0.7071067811865475,-0.7071067811865476
1193,4,30.0,0.1238,0.1345,33,1.1238,1.1345,-0.7071067811865475,-0.7071067811865476,-0.7071067811865475,-0.7071067811865476
1193,4,30.72,0.1673,0.0827,34,1.1673,1.0827,0.7071067811865476,0.7071067811865476,0.7071067811865476,0.7071067811865476
1193,4,31.4,0.1614,0.0316,35,1.1614,1.0316,0.7071067811865476,0.7071067811865476,0.7071067811865476,0.7071067811865476
1193,4,32.36,0.1546,0.0346,36,1.1546,1.0346,0.7071067811865476,0.7071067811865476,0.7071067811865476,0.7071067811865476
1193,4,32.8,0.1535,0.0336,37,1.1535,1.0336,0.7071067811865476,0.7071067811865476,0.7071067811865476,0.7071067811865476
1193,4,33.24,0.1323,-0.0529,38,1.1323,0.9471,0.7071067811865476,0.7071067811865476,0.7071067811865476,0.7071067811865476
1193,4,33.92,0.0399,-0.1378,39,1.0399,0.8622,0.7071067811865476,0.7071067811865476,0.7071067811865476,0.7071067811865476
1193,4,34.36,-0.0235,-0.1269,40,0.9765,0.8731,0.7071067811865476,0.7071067811865476,0.7071067811865476,0.7071067811865476
1193,4,34.96,-0.0837,-0.1059,41,0.9163,0.8941,-0.7071067811865475,-0.7071067811865476,-0.7071067811865475,-0.7071067811865476
1193,4,35.64,0.027,-0.0469,42,1.027,0.9531000000000001,-0.7071067811865475,-0.7071067811865476,-0.7071067811865475,-0.7071067811865476
1193,4,36.92,0.1199,-0.1292,43,1.1199,0.8708,-0.7071067811865475,-0.7071067811865476,-0.7071067811865475,-0.7071067811865476
1193,4,37.6,0.1321,-0.1249,44,1.1320999999999999,0.8751,-0.7071067811865475,-0.7071067811865476,-0.7071067811865475,-0.7071067811865476
1193,4,38.32,0.1427,-0.1098,45,1.1427,0.8902,-0.7071067811865475,-0.7071067811865476,-0.7071067811865475,-0.7071067811865476
1193,4,39.0,0.1483,-0.0741,46,1.1482999999999999,0.9259,-0.7071067811865475,-0.7071067811865476,-0.7071067811865475,-0.7071067811865476
1193,4,39.76,0.1557,-0.0576,47,1.1557,0.9424,0.7071067811865476,0.7071067811865476,0.7071067811865476,0.7071067811865476
1193,4,41.68,-0.0915,0.0227,48,0.9085,1.0227,0.7071067811865476,0.7071067811865476,0.7071067811865476,0.7071067811865476
1193,4,42.96,-0.1537,-0.0869,49,0.8463,0.9131,-0.7071067811865475,-0.7071067811865476,-0.7071067811865475,-0.7071067811865476
1193,4,44.04,-0.0378,-0.081,50,0.9621999999999999,0.919,-0.7071067811865475,-0.7071067811865476,-0.7071067811865475,-0.7071067811865476
1193,4,45.12,0.0844,-0.004,51,1.0844,0.996,-0.7071067811865475,-0.7071067811865476,-0.7071067811865475,-0.7071067811865476
1193,4,45.8,0.1059,0.0144,52,1.1059,1.0144,-0.7071067811865475,-0.7071067811865476,-0.7071067811865475,-0.7071067811865476
1193,4,46.76,0.121,0.0275,53,1.121,1.0275,-0.7071067811865475,-0.7071067811865476,-0.7071067811865475,-0.7071067811865476
1193,4,47.32,0.1243,0.0303,54,1.1243,1.0303,-0.7071067811865475,-0.7071067811865476,-0.7071067811865475,-0.7071067811865476
1193,4,47.72,0.1267,0.0324,55,1.1267,1.0324,0.0,0.0,0.0,0.0
1193,5,0.96,0.0195,-0.1554,0,1.0195,0.8446,0.7071067811865476,0.7071067811865476,0.7071067811865476,0.7071067811865476
1193,5,1.92,-0.0541,-0.1584,1,0.9459,0.8416,0.7071067811865476,0.7071067811865476,0.7071067811865476,0.7071067811865476
1193,5,2.44,-0.109,-0.1315,2,0.891,0.8685,0.7071067811865476,0.7071067811865476,0.7071067811865476,0.7071067811865476
1193,5,3.56,-0.1966,0.0671,3,0.8034,1.0671,-0.7071067811865475,-0.7071067811865476,-0.7071067811865475,-0.7071067811865476
1193,5,5.24,-0.0584,0.1292,4,0.9416,1.1292,-0.7071067811865475,-0.7071067811865476,-0.7071067811865475,-0.7071067811865476
1193,5,6.04,0.0456,0.1614,5,1.0456,1.1614,-0.7071067811865475,-0.7071067811865476,-0.7071067811865475,-0.7071067811865476
1193,5,6.76,0.1782,0.0719,6,1.1782,1.0719,0.7071067811865476,0.7071067811865476,0.7071067811865476,0.7071067811865476
1193,5,7.6,0.154,-0.0532,7,1.154,0.9468,0.7071067811865476,0.7071067811865476,0.7071067811865476,0.7071067811865476
1193,5,8.36,0.1369,-0.0895,8,1.1369,0.9105,0.7071067811865476,0.7071067811865476,0.7071067811865476,0.7071067811865476
1193,5,9.64,0.1247,-0.1558,9,1.1247,0.8442000000000001,0.7071067811865476,0.7071067811865476,0.7071067811865476,0.7071067811865476
1193,5,11.4,-0.0083,-0.1658,10,0.9917,0.8342,0.7071067811865476,0.7071067811865476,0.7071067811865476,0.7071067811865476
1193,5,11.88,-0.0102,-0.1659,11,0.9898,0.8341000000000001,-0.7071067811865475,-0.7071067811865476,-0.7071067811865475,-0.7071067811865476
1193,5,12.36,-0.0101,-0.1664,12,0.9899,0.8336,-0.7071067811865475,-0.7071067811865476,-0.7071067811865475,-0.7071067811865476
1193,5,13.48,-0.01,-0.1667,13,0.99,0.8333,0.7071067811865476,0.7071067811865476,0.7071067811865476,0.7071067811865476
1193,5,14.68,-0.1199,-0.0929,14,0.8801,0.9071,0.7071067811865476,0.7071067811865476,0.7071067811865476,0.7071067811865476
1193,5,15.8,-0.1519,0.0391,15,0.8481,1.0391,-0.7071067811865475,-0.7071067811865476,-0.7071067811865475,-0.7071067811865476
1193,5,16.24,-0.1228,0.1032,16,0.8772,1.1032,-0.7071067811865475,-0.7071067811865476,-0.7071067811865475,-0.7071067811865476
1193,5,17.84,0.0364,0.204,17,1.0364,1.204,-0.7071067811865475,-0.7071067811865476,-0.7071067811865475,-0.7071067811865476
1193,5,18.44,0.0456,0.2273,18,1.0456,1.2273,-0.7071067811865475,-0.7071067811865476,-0.7071067811865475,-0.7071067811865476
1193,5,19.08,0.0708,0.1991,19,1.0708,1.1991,-0.7071067811865475,-0.7071067811865476,-0.7071067811865475,-0.7071067811865476
1193,5,19.44,0.0743,0.193,20,1.0743,1.193,-0.7071067811865475,-0.7071067811865476,-0.7071067811865475,-0.7071067811865476
1193,5,20.4,0.0766,0.1898,21,1.0766,1.1898,-0.7071067811865475,-0.7071067811865476,-0.7071067811865475,-0.7071067811865476
1193,5,21.52,0.1165,0.2011,22,1.1165,1.2011,-0.7071067811865475,-0.7071067811865476,-0.7071067811865475,-0.7071067811865476
1193,5,22.52,0.1368,0.1696,23,1.1368,1.1696,-0.7071067811865475,-0.7071067811865476,-0.7071067811865475,-0.7071067811865476
1193,5,23.12,0.1741,0.0974,24,1.1741,1.0974,0.7071067811865476,0.7071067811865476,0.7071067811865476,0.7071067811865476
1193,5,23.88,0.1509,-0.0579,25,1.1509,0.9421,0.7071067811865476,0.7071067811865476,0.7071067811865476,0.7071067811865476
1193,5,24.48,0.0384,-0.1453,26,1.0384,0.8547,0.7071067811865476,0.7071067811865476,0.7071067811865476,0.7071067811865476
1193,5,25.2,-0.0967,-0.1735,27,0.9033,0.8265,0.7071067811865476,0.7071067811865476,0.7071067811865476,0.7071067811865476
1193,5,26.04,-0.1815,-0.0749,28,0.8185,0.9251,-0.7071067811865475,-0.7071067811865476,-0.7071067811865475,-0.7071067811865476
1193,5,26.64,-0.1738,0.0373,29,0.8262,1.0373,-0.7071067811865475,-0.7071067811865476,-0.7071067811865475,-0.7071067811865476
1193,5,27.48,-0.1519,0.0927,30,0.8481,1.0927,-0.7071067811865475,-0.7071067811865476,-0.7071067811865475,-0.7071067811865476
1193,5,28.08,-0.0362,0.0462,31,0.9638,1.0462,-0.7071067811865475,-0.7071067811865476,-0.7071067811865475,-0.7071067811865476
1193,5,29.24,0.0856,0.0687,32,1.0856,1.0687,-0.7071067811865475,-0.7071067811865476,-0.7071067811865475,-0.7071067811865476
1193,5,30.0,0.1163,0.0787,33,1.1163,1.0787,-0.7071067811865475,-0.7071067811865476,-0.7071067811865475,-0.7071067811865476
1193,5,30.72,0.1213,0.081,34,1.1213,1.081,0.7071067811865476,0.7071067811865476,0.7071067811865476,0.7071067811865476
1193,5,31.4,0.1204,0.0798,35,1.1204,1.0798,-0.7071067811865475,-0.7071067811865476,-0.7071067811865475,-0.7071067811865476
1193,5,32.36,0.1269,0.0861,36,1.1269,1.0861,-0.7071067811865475,-0.7071067811865476,-0.7071067811865475,-0.7071067811865476
1193,5,32.8,0.1275,0.0855,37,1.1275,1.0855,-0.7071067811865475,-0.7071067811865476,-0.7071067811865475,-0.7071067811865476
1193,5,33.24,0.1358,0.0635,38,1.1358,1.0635,0.7071067811865476,0.7071067811865476,0.7071067811865476,0.7071067811865476
1193,5,33.92,0.0514,-0.0705,39,1.0514000000000001,0.9295,0.7071067811865476,0.7071067811865476,0.7071067811865476,0.7071067811865476
1193,5,34.36,-0.0287,-0.0823,40,0.9713,0.9177,0.7071067811865476,0.7071067811865476,0.7071067811865476,0.7071067811865476
1193,5,34.96,-0.0903,-0.0184,41,0.9097,0.9816,-0.7071067811865475,-0.7071067811865476,-0.7071067811865475,-0.7071067811865476
1193,5,35.64,0.0873,-0.0208,42,1.0873,0.9792,-0.7071067811865475,-0.7071067811865476,-0.7071067811865475,-0.7071067811865476
1193,5,36.92,0.1797,-0.0483,43,1.1797,0.9517,0.7071067811865476,0.7071067811865476,0.7071067811865476,0.7071067811865476
1193,5,37.6,0.1788,-0.0177,44,1.1788,0.9823,0.7071067811865476,0.7071067811865476,0.7071067811865476,0.7071067811865476
1193,5,38.32,0.1786,-0.0177,45,1.1786,0.9823,-0.7071067811865475,-0.7071067811865476,-0.7071067811865475,-0.7071067811865476
1193,5,39.0,0.1875,0.0029,46,1.1875,1.0029,-0.7071067811865475,-0.7071067811865476,-0.7071067811865475,-0.7071067811865476
1193,5,39.76,0.1959,0.0562,47,1.1959,1.0562,0.7071067811865476,0.7071067811865476,0.7071067811865476,0.7071067811865476
1193,5,41.68,-0.0522,0.0839,48,0.9478,1.0839,0.7071067811865476,0.7071067811865476,0.7071067811865476,0.7071067811865476
1193,5,42.96,-0.1688,-0.0251,49,0.8311999999999999,0.9749,-0.7071067811865475,-0.7071067811865476,-0.7071067811865475,-0.7071067811865476
1193,5,44.04,-0.0139,-0.0375,50,0.9861,0.9625,-0.7071067811865475,-0.7071067811865476,-0.7071067811865475,-0.7071067811865476
1193,5,45.12,0.1128,0.0511,51,1.1128,1.0511,-0.7071067811865475,-0.7071067811865476,-0.7071067811865475,-0.7071067811865476
1193,5,45.8,0.162,0.0516,52,1.162,1.0516,-0.7071067811865475,-0.7071067811865476,-0.7071067811865475,-0.7071067811865476
1193,5,46.76,0.1837,0.0348,53,1.1837,1.0348,-0.7071067811865475,-0.7071067811865476,-0.7071067811865475,-0.7071067811865476
1193,5,47.32,0.1943,0.0257,54,1.1943,1.0257,-0.7071067811865475,-0.7071067811865476,-0.7071067811865475,-0.7071067811865476
1193,5,47.72,0.2003,0.0212,55,1.2003,1.0212,0.0,0.0,0.0,0.0
